210825867
210825872
210822026
210825841
210827223
210827320
210831367
210832334
210842467
210836277
210837781
210843937
210845478
210846411
210846412
210848471
210848330
210848461
210849983
210852984
210719741
210758310
210744902
210758168
210758326
210760505
210761702
210763398
210772025
210767558
210772012
210774211
210776666
210777377
210777618
210799447
210802047
210808867
210808485
210808840
210825867
210825872
210822026
210825841
210827223
210827320
210831367
210832334
210842467
210836277
210837781
210843937
210845478
210846411
210846412
210848471
210848330
210848461
210849983
210852984
